Прогноз погоды — Нижний Новгород (почасовой)
-----------------------------------------------------------------
№    | Дата/время         | Температура (°C) | Осадки (мм)
-----------------------------------------------------------------
1    | 2026-06-01T00:00   | 7,5              | 0,00      
2    | 2026-06-01T01:00   | 6,7              | 0,00      
3    | 2026-06-01T02:00   | 6,1              | 0,00      
4    | 2026-06-01T03:00   | 6,6              | 0,00      
5    | 2026-06-01T04:00   | 7,2              | 0,00      
6    | 2026-06-01T05:00   | 7,8              | 0,00      
7    | 2026-06-01T06:00   | 9,0              | 0,00      
8    | 2026-06-01T07:00   | 11,0             | 0,00      
9    | 2026-06-01T08:00   | 13,0             | 0,00      
10   | 2026-06-01T09:00   | 14,6             | 0,00      
11   | 2026-06-01T10:00   | 15,2             | 0,00      
12   | 2026-06-01T11:00   | 15,8             | 0,00      
13   | 2026-06-01T12:00   | 15,8             | 0,00      
14   | 2026-06-01T13:00   | 15,4             | 0,00      
15   | 2026-06-01T14:00   | 15,5             | 0,00      
16   | 2026-06-01T15:00   | 17,2             | 0,00      
17   | 2026-06-01T16:00   | 16,5             | 0,00      
18   | 2026-06-01T17:00   | 15,5             | 0,00      
19   | 2026-06-01T18:00   | 14,7             | 0,00      
20   | 2026-06-01T19:00   | 14,1             | 0,00      
21   | 2026-06-01T20:00   | 13,0             | 0,10      
22   | 2026-06-01T21:00   | 12,0             | 0,20      
23   | 2026-06-01T22:00   | 11,2             | 0,00      
24   | 2026-06-01T23:00   | 10,6             | 0,00      
-----------------------------------------------------------------
